                                                                        S      1
1H,,1H;,,                                                               G      1
31HD:\VIP\AA_nurbs_gui\testigs.igs,                                     G      2
26HRhinoceros ( Jan 18 2007 ),31HTrout Lake IGES 012 Jan 18 2007,       G      3
32,38,6,308,15,                                                         G      4
,                                                                       G      5
1.0D0,2,2HMM,1,0.254D0,13H230919.035035,                                G      6
0.001D0,                                                                G      7
105.973D0,                                                              G      8
,                                                                       G      9
,                                                                       G     10
10,0,13H230919.035035;                                                  G     11
     314       1       0       0       0       0       0       000000200D      1
     314       0       1       1       0       0       0   COLOR       0D      2
     406       2       0       0       1       0       0       000000300D      3
     406       0      -1       1       3       0       0LEVELDEF       0D      4
     406       3       0       0       2       0       0       000000300D      5
     406       0      -1       1       3       0       0LEVELDEF       0D      6
     406       4       0       0       0       0       0       000010300D      7
     406       0       0       1      15       0       0 NAMETXT       0D      8
     126       5       0       0       2       0       0       000000000D      9
     126       0      -1       9       0       0       03d BsCrv       0D     10
314,0.0,0.0,0.0,20HRGB(   0,   0,   0 );                         0000001P      1
406,2,1,6H预设值;                                                0000003P      2
406,2,2,7HDefault;                                               0000005P      3
406,1,8H3d BsCrv;                                                0000007P      4
126,50,3,1,1,0,0,0.0000D0,0.0000D0,0.0000D0,0.0000D0,0.0083D0,   0000009P     5
0.0150D0,0.0361D0,0.0855D0,0.1293D0,0.1509D0,0.1931D0,0.2273D0,  0000009P     6
0.2435D0,0.2561D0,0.2692D0,0.2889D0,0.3170D0,0.3316D0,0.3482D0,  0000009P     7
0.3553D0,0.3649D0,0.3837D0,0.4005D0,0.4269D0,0.4510D0,0.4660D0,  0000009P     8
0.4891D0,0.5000D0,0.5109D0,0.5340D0,0.5489D0,0.5731D0,0.5994D0,  0000009P     9
0.6163D0,0.6351D0,0.6447D0,0.6518D0,0.6683D0,0.6830D0,0.7111D0,  0000009P     10
0.7307D0,0.7439D0,0.7565D0,0.7729D0,0.8069D0,0.8491D0,0.8707D0,  0000009P     11
0.9145D0,0.9639D0,0.9850D0,0.9917D0,1.0000D0,1.0000D0,1.0000D0,  0000009P     12
1.0000D0,1.0D0,1.0D0,1.0D0,1.2D0,1.0D0,1.0D0,1.0D0,1.0D0,1.0D0,  0000009P     13
1.0D0,1.0D0,2.0D0,1.0D0,1.0D0,5.0D0,3.0D0,1.0D0,1.1D0,1.0D0,     0000009P     14
1.0D0,1.0D0,1.0D0,1.0D0,1.0D0,1.0D0,1.0D0,1.0D0,1.0D0,1.0D0,     0000009P     15
1.0D0,1.0D0,1.0D0,1.0D0,1.1D0,1.0D0,3.0D0,5.0D0,1.0D0,1.0D0,     0000009P     16
2.0D0,1.0D0,1.0D0,1.0D0,1.0D0,1.0D0,1.0D0,1.0D0,1.2D0,1.0D0,     0000009P     17
1.0D0,1.0D0,54.493000D0,52.139000D0,0.000000D0,55.507000D0,      0000009P     18
52.139000D0,0.000000D0,56.082000D0,49.615000D0,0.000000D0,       0000009P     19
56.780000D0,44.971000D0,0.000000D0,69.575000D0,51.358000D0,      0000009P     20
0.000000D0,77.786000D0,58.573000D0,0.000000D0,90.526000D0,       0000009P     21
67.081000D0,0.000000D0,105.973000D0,63.801000D0,0.000000D0,      0000009P     22
100.400000D0,47.326000D0,0.000000D0,94.567000D0,39.913000D0,     0000009P     23
0.000000D0,92.369000D0,30.485000D0,0.000000D0,83.440000D0,       0000009P     24
33.757000D0,0.000000D0,91.892000D0,28.509000D0,0.000000D0,       0000009P     25
89.444000D0,20.393000D0,0.000000D0,83.218000D0,15.446000D0,      0000009P     26
0.000000D0,87.621000D0,4.830000D0,0.000000D0,80.945000D0,        0000009P     27
9.267000D0,0.000000D0,79.834000D0,14.535000D0,0.000000D0,        0000009P     28
76.074000D0,8.522000D0,0.000000D0,70.183000D0,12.550000D0,       0000009P     29
0.000000D0,64.171000D0,16.865000D0,0.000000D0,59.993000D0,       0000009P     30
22.122000D0,0.000000D0,55.680000D0,36.359000D0,0.000000D0,       0000009P     31
56.925000D0,24.995000D0,0.000000D0,59.765000D0,19.828000D0,      0000009P     32
0.000000D0,54.493000D0,14.940000D0,0.000000D0,49.220000D0,       0000009P     33
19.828000D0,0.000000D0,52.060000D0,24.994000D0,0.000000D0,       0000009P     34
53.305000D0,36.359000D0,0.000000D0,48.992000D0,22.122000D0,      0000009P     35
0.000000D0,44.814000D0,16.865000D0,0.000000D0,38.802000D0,       0000009P     36
12.551000D0,0.000000D0,32.911000D0,8.521000D0,0.000000D0,        0000009P     37
29.152000D0,14.535000D0,0.000000D0,28.040000D0,9.267000D0,       0000009P     38
0.000000D0,21.364000D0,4.830000D0,0.000000D0,25.768000D0,        0000009P     39
15.447000D0,0.000000D0,19.539000D0,20.391000D0,0.000000D0,       0000009P     40
17.097000D0,28.512000D0,0.000000D0,25.537000D0,33.750000D0,      0000009P     41
0.000000D0,16.602000D0,30.496000D0,0.000000D0,14.199000D0,       0000009P     42
39.803000D0,0.000000D0,8.668000D0,47.408000D0,0.000000D0,        0000009P     43
3.000000D0,63.794000D0,0.000000D0,18.465000D0,67.084000D0,       0000009P     44
0.000000D0,31.197000D0,58.572000D0,0.000000D0,39.411000D0,       0000009P     45
51.358000D0,0.000000D0,52.204000D0,44.971000D0,0.000000D0,       0000009P     46
52.904000D0,49.614000D0,0.000000D0,53.478000D0,52.139000D0,      0000009P     47
0.000000D0,54.493000D0,52.139000D0,0.000000D0,0.0D0,1.0D0,       0000009P     48
0.0D0,0.0D0,1.0D0;                                               0000009P     49
S0000001G0000011D0000010P0000049                                        T      1
