54.4930   52.1390         0
55.5070   52.1390         0
56.0820   49.6150         0
56.7800   44.9710         0
69.5750   51.3580         0
77.7860   58.5730         0
90.5260   67.0810         0
105.9730   63.8010         0
100.4000   47.3260         0
94.5670   39.9130         0
92.3690   30.4850         0
83.4400   33.7570         0
91.8920   28.5090         0
89.4440   20.3930         0
83.2180   15.4460         0
87.6210    4.8300         0
80.9450    9.2670         0
79.8340   14.5350         0
76.0740    8.5220         0
70.1830   12.5500         0
64.1710   16.8650         0
59.9930   22.1220         0
55.6800   36.3590         0
56.9250   24.9950         0
59.7650   19.8280         0
54.4930   14.9400         0
49.2200   19.8280         0
52.0600   24.9940         0
53.3050   36.3590         0
48.9920   22.1220         0
44.8140   16.8650         0
38.8020   12.5510         0
32.9110    8.5210         0
29.1520   14.5350         0
28.0400    9.2670         0
21.3640    4.8300         0
25.7680   15.4470         0
19.5390   20.3910         0
17.0970   28.5120         0
25.5370   33.7500         0
16.6020   30.4960         0
14.1990   39.8030         0
8.6680   47.4080         0
3.0000   63.7940         0
18.4650   67.0840         0
31.1970   58.5720         0
39.4110   51.3580         0
52.2040   44.9710         0
52.9040   49.6140         0
53.4780   52.1390         0
54.4930   52.1390         0